6
17
98
17
48
61
78
73
13
57
19
30
29
45
85
51
12
36
86
90
60
32
92
27
93
38
83
2
30
98
50
43
88
20
92
18
32
86
37
31
36
12
53
21
4
16
31
69
62
74
20
99
65
30
24
74
24
72
23
11
78
77
43
14
7
76
42
9
52
67
19
26
98
55
54
48
78
72
23
78
7
15
40
56
78
51
77
59
96
18
94
60
63
26
53
59
69
39
15
28
74
22
17
94
56
94
1
11
75
75
95
52
49
44
4
63
37
87
35
56
99
82
13
34
73
59
62
73
2
94
78
40
57
94
5
84
97
45
1
84
50
66
83
21
23
42
11
20
22
89
22
82
4
58
29
91
10
82
22
96
33
28
9
80
97
56
94
55
39
20
66
92
87
51
6
33
98
91
12
32
48
42
51
13
73
96
36
99
65
14
75
16
23
4
52
23
57
4
24
66
47
56
81
3
24
30
95
52
52
96
92
18
71
90
49
90
76
96
8
1
20
95
89
26
44
50
69
84
99
83
75
95
68
45
84
91
61
48
88
43
2
84
47
69
21
57
45
33
54
61
46
61
96
23
47
52
67
55
59
73
60
12
53
69
21
97
50
26
7
58
29
28
8
64
99
36
48
20
5
86
6
37
31
38
37
14
99
45
98
32
24
6
89
15
83
89
31
78
48
23
8
20
27
95
33
18
53
32
24
11
5
48
51
72
68
24
81
15
32
7
98
5
27
74
34
23
39
93
81
10
5
69
71
81
78
86
10
35
6
19
61
67
22
87
27
76
55
18
47
59
9
16
47
41
25
4
92
52
61
10
79
60
50
14
7
36
76
69
93
82
14
46
10
13
46
31
83
40
48
58
67
21
47
22
1
88
22
30
57
75
93
58
73
95
40
2
18
8
81
91
99
86
24
64
46
63
7
34
95
93
20
53
4
3
42
59
13
28
14
18
14
46
12
18
88
55
72
14
73
45
14
76
58
57
58
81
97
82
76
38
82
87
35
64
56
41
54
70
54
81
88
89
94
64
77
53
74
6
75
90
90
92
61
51
79
44
94
47
45
61
61
30
52
75
35
26
12
47
62
48
1
3
60
92
56
25
81
94
79
6
7
91
7
86
48
89
27
84
85
12
47
8
26
92
20
58
37
19
29
52
42
28
44
28
89
88
33
69
94
54
62
99
68
39
54
70
24
66
28
46
98
28
62
51
2
93
76
67
73
97
88
62
66
27
63
79
48
78
96
60
57
58
89
31
49
47
39
86
39
49
35
71
91
83
53
15
65
92
27
95
13
65
95
96
66
1
34
41
76
75
23
45
69
68
88
41
38
31
2
54
55
89
29
24
63
17
71
82
74
49
14
55
52
2
48
91
62
92
65
49
14
97
11
64
26
90
3
24
94
12
76
35
90
73
40
23
37
71
34
49
29
51
67
27
61
68
93
68
21
97
78
45
65
53
41
57
78
64
98
72
15
47
88
62
73
79
64
78
61
25
54
90
59
16
20
62
31
84
3
58
97
35
4
96
33
31
69
38
33
83
45
72
73
61
35
82
63
6
54
82
4
15
7
95
43
88
86
50
34
78
27
93
62
40
75
79
44
91
29
42
10
27
46
78
80
81
18
97
80
38
99
25
31
21
54
83
28
8
54
45
45
20
4
54
56
51
11
33
86
56
38
71
76
12
72
77
68
29
16
62
70
88
69
96
78
2
63
41
86
92
52
36
38
83
97
90
23
91
23
29
71
84
12
25
99
29
49
20
49
77
15
99
91
91
75
56
51
8
76
54
88
70
47
93
4
3
34
92
15
82
54
76
7
87
91
85
77
44
97
50
53
44
92
10
78
52
44
46
9
42
39
16
16
68
41
1
38
18
21
96
94
56
5
66
23
38
92
5
1
89
78
7
10
26
1
45
77
38
16
51
58
87
84
73
43
38
61
38
47
90
48
59
23
1
55
96
39
26
86
40
60
40
45
20
63
33
6
89
68
95
24
1
3
70
39
8
72
32
24
84
76
55
58
11
41
19
84
10
71
4
7
51
52
75
91
18
42
64
10
11
33
71
70
51
67
48
57
53
61
48
25
7
3
2
63
5
82
35
78
44
48
96
18
64
89
72
49
27
78
21
65
9
23
13
52
6
85
8
44
93
62
31
48
24
79
99
49
50
12
87
36
8
85
66
62
36
54
7
61
95
99
30
75
40
82
17
84
89
49
58
20
74
91
85
81
18
48
94
84
90
23
98
16
90
85
58
23
56
51
17
